(kicad_pcb (version 20171130) (host pcbnew 5.0.1)

  (general
    (thickness 1.6)
    (drawings 388)
    (tracks 915)
    (zones 0)
    (modules 134)
    (nets 79)
  )

  (page A4)
  (layers
    (0 F.Cu signal)
    (31 B.Cu signal)
    (32 B.Adhes user hide)
    (33 F.Adhes user hide)
    (34 B.Paste user)
    (35 F.Paste user hide)
    (36 B.SilkS user)
    (37 F.SilkS user)
    (38 B.Mask user hide)
    (39 F.Mask user hide)
    (40 Dwgs.User user hide)
    (41 Cmts.User user)
    (42 Eco1.User user hide)
    (43 Eco2.User user hide)
    (44 Edge.Cuts user)
    (45 Margin user hide)
    (46 B.CrtYd user hide)
    (47 F.CrtYd user)
    (48 B.Fab user hide)
    (49 F.Fab user hide)
  )

  (setup
    (last_trace_width 0.254)
    (trace_clearance 0.254)
    (zone_clearance 0.127)
    (zone_45_only no)
    (trace_min 0.127)
    (segment_width 0.254)
    (edge_width 0.127)
    (via_size 0.508)
    (via_drill 0.2032)
    (via_min_size 0.508)
    (via_min_drill 0.2032)
    (uvia_size 0.45)
    (uvia_drill 0.2)
    (uvias_allowed no)
    (uvia_min_size 0.2)
    (uvia_min_drill 0.1)
    (pcb_text_width 0.3)
    (pcb_text_size 1.5 1.5)
    (mod_edge_width 0.15)
    (mod_text_size 1 1)
    (mod_text_width 0.15)
    (pad_size 1.524 1.524)
    (pad_drill 0.762)
    (pad_to_mask_clearance 0.051)
    (solder_mask_min_width 0.25)
    (aux_axis_origin 0 0)
    (grid_origin 148.463 102.743)
    (visible_elements FFFFFF7F)
    (pcbplotparams
      (layerselection 0x018f0_ffffffff)
      (usegerberextensions true)
      (usegerberattributes false)
      (usegerberadvancedattributes false)
      (creategerberjobfile false)
      (excludeedgelayer true)
      (linewidth 0.100000)
      (plotframeref false)
      (viasonmask false)
      (mode 1)
      (useauxorigin false)
      (hpglpennumber 1)
      (hpglpenspeed 20)
      (hpglpendiameter 15.000000)
      (psnegative false)
      (psa4output false)
      (plotreference true)
      (plotvalue true)
      (plotinvisibletext false)
      (padsonsilk false)
      (subtractmaskfromsilk false)
      (outputformat 1)
      (mirror false)
      (drillshape 0)
      (scaleselection 1)
      (outputdirectory "./layout.svg"))
  )

  (net 0 "")
  (net 1 /XTAL1)
  (net 2 GND)
  (net 3 /XTAL2)
  (net 4 VCC)
  (net 5 "Net-(C8-Pad1)")
  (net 6 "Net-(D11-Pad2)")
  (net 7 /Col2)
  (net 8 "Net-(D12-Pad2)")
  (net 9 "Net-(D13-Pad2)")
  (net 10 "Net-(D14-Pad2)")
  (net 11 "Net-(D15-Pad2)")
  (net 12 "Net-(D16-Pad2)")
  (net 13 "Net-(D17-Pad2)")
  (net 14 "Net-(D18-Pad2)")
  (net 15 "Net-(D19-Pad2)")
  (net 16 "Net-(D21-Pad2)")
  (net 17 "Net-(D22-Pad2)")
  (net 18 "Net-(D23-Pad2)")
  (net 19 "Net-(D24-Pad2)")
  (net 20 "Net-(D25-Pad2)")
  (net 21 "Net-(D26-Pad2)")
  (net 22 "Net-(D27-Pad2)")
  (net 23 "Net-(D28-Pad2)")
  (net 24 "Net-(D29-Pad2)")
  (net 25 "Net-(D31-Pad2)")
  (net 26 /Row3)
  (net 27 "Net-(D32-Pad2)")
  (net 28 "Net-(D33-Pad2)")
  (net 29 "Net-(D34-Pad2)")
  (net 30 "Net-(D35-Pad2)")
  (net 31 "Net-(D36-Pad2)")
  (net 32 "Net-(D37-Pad2)")
  (net 33 "Net-(D38-Pad2)")
  (net 34 "Net-(D39-Pad2)")
  (net 35 /Row4)
  (net 36 "Net-(D41-Pad2)")
  (net 37 "Net-(D42-Pad2)")
  (net 38 "Net-(D43-Pad2)")
  (net 39 "Net-(D44-Pad2)")
  (net 40 "Net-(D45-Pad2)")
  (net 41 "Net-(D46-Pad2)")
  (net 42 /D-)
  (net 43 /D+)
  (net 44 /Col1)
  (net 45 /Col3)
  (net 46 /Col4)
  (net 47 /Col5)
  (net 48 /Col6)
  (net 49 /Col7)
  (net 50 /Col8)
  (net 51 /Col9)
  (net 52 /Col10)
  (net 53 /Col11)
  (net 54 /Col12)
  (net 55 /RST)
  (net 56 "Net-(R2-Pad2)")
  (net 57 "Net-(R3-Pad1)")
  (net 58 "Net-(R4-Pad1)")
  (net 59 /Row1)
  (net 60 /Row2)
  (net 61 "Net-(D47-Pad2)")
  (net 62 "Net-(D1-Pad2)")
  (net 63 "Net-(D2-Pad2)")
  (net 64 "Net-(D3-Pad2)")
  (net 65 "Net-(D4-Pad2)")
  (net 66 "Net-(D5-Pad2)")
  (net 67 "Net-(D6-Pad2)")
  (net 68 "Net-(D7-Pad2)")
  (net 69 "Net-(D8-Pad2)")
  (net 70 "Net-(D9-Pad2)")
  (net 71 "Net-(D10-Pad2)")
  (net 72 "Net-(D20-Pad2)")
  (net 73 "Net-(D30-Pad2)")
  (net 74 "Net-(D40-Pad2)")
  (net 75 "Net-(D48-Pad2)")
  (net 76 "Net-(C7-Pad2)")
  (net 77 "Net-(C9-Pad2)")
  (net 78 "Net-(F1-Pad2)")

  (net_class Default "This is the default net class."
    (clearance 0.254)
    (trace_width 0.254)
    (via_dia 0.508)
    (via_drill 0.2032)
    (uvia_dia 0.45)
    (uvia_drill 0.2)
    (add_net /Col1)
    (add_net /Col10)
    (add_net /Col11)
    (add_net /Col12)
    (add_net /Col2)
    (add_net /Col3)
    (add_net /Col4)
    (add_net /Col5)
    (add_net /Col6)
    (add_net /Col7)
    (add_net /Col8)
    (add_net /Col9)
    (add_net /D+)
    (add_net /D-)
    (add_net /RST)
    (add_net /Row1)
    (add_net /Row2)
    (add_net /Row3)
    (add_net /Row4)
    (add_net /XTAL1)
    (add_net /XTAL2)
    (add_net GND)
    (add_net "Net-(C7-Pad2)")
    (add_net "Net-(C8-Pad1)")
    (add_net "Net-(C9-Pad2)")
    (add_net "Net-(D1-Pad2)")
    (add_net "Net-(D10-Pad2)")
    (add_net "Net-(D11-Pad2)")
    (add_net "Net-(D12-Pad2)")
    (add_net "Net-(D13-Pad2)")
    (add_net "Net-(D14-Pad2)")
    (add_net "Net-(D15-Pad2)")
    (add_net "Net-(D16-Pad2)")
    (add_net "Net-(D17-Pad2)")
    (add_net "Net-(D18-Pad2)")
    (add_net "Net-(D19-Pad2)")
    (add_net "Net-(D2-Pad2)")
    (add_net "Net-(D20-Pad2)")
    (add_net "Net-(D21-Pad2)")
    (add_net "Net-(D22-Pad2)")
    (add_net "Net-(D23-Pad2)")
    (add_net "Net-(D24-Pad2)")
    (add_net "Net-(D25-Pad2)")
    (add_net "Net-(D26-Pad2)")
    (add_net "Net-(D27-Pad2)")
    (add_net "Net-(D28-Pad2)")
    (add_net "Net-(D29-Pad2)")
    (add_net "Net-(D3-Pad2)")
    (add_net "Net-(D30-Pad2)")
    (add_net "Net-(D31-Pad2)")
    (add_net "Net-(D32-Pad2)")
    (add_net "Net-(D33-Pad2)")
    (add_net "Net-(D34-Pad2)")
    (add_net "Net-(D35-Pad2)")
    (add_net "Net-(D36-Pad2)")
    (add_net "Net-(D37-Pad2)")
    (add_net "Net-(D38-Pad2)")
    (add_net "Net-(D39-Pad2)")
    (add_net "Net-(D4-Pad2)")
    (add_net "Net-(D40-Pad2)")
    (add_net "Net-(D41-Pad2)")
    (add_net "Net-(D42-Pad2)")
    (add_net "Net-(D43-Pad2)")
    (add_net "Net-(D44-Pad2)")
    (add_net "Net-(D45-Pad2)")
    (add_net "Net-(D46-Pad2)")
    (add_net "Net-(D47-Pad2)")
    (add_net "Net-(D48-Pad2)")
    (add_net "Net-(D5-Pad2)")
    (add_net "Net-(D6-Pad2)")
    (add_net "Net-(D7-Pad2)")
    (add_net "Net-(D8-Pad2)")
    (add_net "Net-(D9-Pad2)")
    (add_net "Net-(F1-Pad2)")
    (add_net "Net-(R2-Pad2)")
    (add_net "Net-(R3-Pad1)")
    (add_net "Net-(R4-Pad1)")
    (add_net VCC)
  )

  (module Keyboard_switches:MX100 (layer F.Cu) (tedit 5C003C19) (tstamp 5C0065F7)
    (at 81.788 93.218)
    (path /5C1B880C)
    (fp_text reference SW15 (at 0 3.175) (layer Cmts.User)
      (effects (font (size 1 1) (thickness 0.15) italic))
    )
    (fp_text value MXSwitch (at 0 6.985) (layer F.Fab)
      (effects (font (size 1 1) (thickness 0.15)))
    )
    (fp_line (start 8.255 -8.255) (end 8.255 8.255) (layer Dwgs.User) (width 0.3))
    (fp_line (start 8.255 8.255) (end -8.255 8.255) (layer Dwgs.User) (width 0.3))
    (fp_line (start -8.255 8.255) (end -8.255 -8.255) (layer Dwgs.User) (width 0.3))
    (fp_line (start -8.255 -8.255) (end 8.255 -8.255) (layer Dwgs.User) (width 0.3))
    (fp_line (start -7.62 -7.62) (end -5.08 -7.62) (layer Cmts.User) (width 0.3))
    (fp_line (start -7.62 -7.62) (end -7.62 -5.08) (layer Cmts.User) (width 0.3))
    (fp_line (start 7.62 -7.62) (end 5.08 -7.62) (layer Cmts.User) (width 0.3))
    (fp_line (start 7.62 -7.62) (end 7.62 -5.08) (layer Cmts.User) (width 0.3))
    (fp_line (start 7.62 7.62) (end 7.62 5.08) (layer Cmts.User) (width 0.3))
    (fp_line (start 7.62 7.62) (end 5.08 7.62) (layer Cmts.User) (width 0.3))
    (fp_line (start -7.62 7.62) (end -7.62 5.08) (layer Cmts.User) (width 0.3))
    (fp_line (start -7.62 7.62) (end -5.08 7.62) (layer Cmts.User) (width 0.3))
    (fp_line (start -0.254 4.826) (end -0.254 5.334) (layer Cmts.User) (width 0.0508))
    (fp_line (start -0.254 5.334) (end 0.254 5.08) (layer Cmts.User) (width 0.0508))
    (fp_line (start 0.254 5.08) (end -0.254 4.826) (layer Cmts.User) (width 0.0508))
    (fp_line (start 0.254 4.826) (end 0.254 5.334) (layer Cmts.User) (width 0.0508))
    (fp_circle (center -1.27 5.08) (end -0.35419 5.08) (layer F.CrtYd) (width 0.0254))
    (fp_line (start 0.508 4.318) (end 2.032 4.318) (layer F.CrtYd) (width 0.0254))
    (fp_line (start 2.032 4.318) (end 2.032 5.842) (layer F.CrtYd) (width 0.0254))
    (fp_line (start 2.032 5.842) (end 0.508 5.842) (layer F.CrtYd) (width 0.0254))
    (fp_line (start 0.508 5.842) (end 0.508 4.318) (layer F.CrtYd) (width 0.0254))
    (fp_circle (center 3.81 -2.54) (end 5.207 -2.54) (layer F.SilkS) (width 0.127))
    (fp_circle (center -2.54 -5.08) (end -1.143 -5.08) (layer F.SilkS) (width 0.127))
    (pad "" np_thru_hole circle (at 0 0) (size 3.9878 3.9878) (drill 3.9878) (layers *.Cu *.Mask))
    (pad 2 thru_hole circle (at 3.81 -2.54) (size 2.54 2.54) (drill 1.524) (layers *.Cu *.Mask)
      (net 11 "Net-(D15-Pad2)"))
    (pad 1 thru_hole circle (at -2.54 -5.08) (size 2.54 2.54) (drill 1.524) (layers *.Cu *.Mask)
      (net 45 /Col3))
    (pad "" np_thru_hole circle (at 5.08 0) (size 1.7018 1.7018) (drill 1.7018) (layers *.Cu *.Mask))
    (pad "" np_thru_hole circle (at -5.08 0) (size 1.7018 1.7018) (drill 1.7018) (layers *.Cu *.Mask))
  )

  (module Keyboard_switches:MX100 (layer F.Cu) (tedit 5C003C19) (tstamp 5C006877)
    (at 253.238 112.268)
    (path /5C1D74D6)
    (fp_text reference SW36 (at 0 3.175) (layer Cmts.User)
      (effects (font (size 1 1) (thickness 0.15) italic))
    )
    (fp_text value MXSwitch (at 0 6.985) (layer F.Fab)
      (effects (font (size 1 1) (thickness 0.15)))
    )
    (fp_line (start 8.255 -8.255) (end 8.255 8.255) (layer Dwgs.User) (width 0.3))
    (fp_line (start 8.255 8.255) (end -8.255 8.255) (layer Dwgs.User) (width 0.3))
    (fp_line (start -8.255 8.255) (end -8.255 -8.255) (layer Dwgs.User) (width 0.3))
    (fp_line (start -8.255 -8.255) (end 8.255 -8.255) (layer Dwgs.User) (width 0.3))
    (fp_line (start -7.62 -7.62) (end -5.08 -7.62) (layer Cmts.User) (width 0.3))
    (fp_line (start -7.62 -7.62) (end -7.62 -5.08) (layer Cmts.User) (width 0.3))
    (fp_line (start 7.62 -7.62) (end 5.08 -7.62) (layer Cmts.User) (width 0.3))
    (fp_line (start 7.62 -7.62) (end 7.62 -5.08) (layer Cmts.User) (width 0.3))
    (fp_line (start 7.62 7.62) (end 7.62 5.08) (layer Cmts.User) (width 0.3))
    (fp_line (start 7.62 7.62) (end 5.08 7.62) (layer Cmts.User) (width 0.3))
    (fp_line (start -7.62 7.62) (end -7.62 5.08) (layer Cmts.User) (width 0.3))
    (fp_line (start -7.62 7.62) (end -5.08 7.62) (layer Cmts.User) (width 0.3))
    (fp_line (start -0.254 4.826) (end -0.254 5.334) (layer Cmts.User) (width 0.0508))
    (fp_line (start -0.254 5.334) (end 0.254 5.08) (layer Cmts.User) (width 0.0508))
    (fp_line (start 0.254 5.08) (end -0.254 4.826) (layer Cmts.User) (width 0.0508))
    (fp_line (start 0.254 4.826) (end 0.254 5.334) (layer Cmts.User) (width 0.0508))
    (fp_circle (center -1.27 5.08) (end -0.35419 5.08) (layer F.CrtYd) (width 0.0254))
    (fp_line (start 0.508 4.318) (end 2.032 4.318) (layer F.CrtYd) (width 0.0254))
    (fp_line (start 2.032 4.318) (end 2.032 5.842) (layer F.CrtYd) (width 0.0254))
    (fp_line (start 2.032 5.842) (end 0.508 5.842) (layer F.CrtYd) (width 0.0254))
    (fp_line (start 0.508 5.842) (end 0.508 4.318) (layer F.CrtYd) (width 0.0254))
    (fp_circle (center 3.81 -2.54) (end 5.207 -2.54) (layer F.SilkS) (width 0.127))
    (fp_circle (center -2.54 -5.08) (end -1.143 -5.08) (layer F.SilkS) (width 0.127))
    (pad "" np_thru_hole circle (at 0 0) (size 3.9878 3.9878) (drill 3.9878) (layers *.Cu *.Mask))
    (pad 2 thru_hole circle (at 3.81 -2.54) (size 2.54 2.54) (drill 1.524) (layers *.Cu *.Mask)
      (net 31 "Net-(D36-Pad2)"))
    (pad 1 thru_hole circle (at -2.54 -5.08) (size 2.54 2.54) (drill 1.524) (layers *.Cu *.Mask)
      (net 54 /Col12))
    (pad "" np_thru_hole circle (at 5.08 0) (size 1.7018 1.7018) (drill 1.7018) (layers *.Cu *.Mask))
    (pad "" np_thru_hole circle (at -5.08 0) (size 1.7018 1.7018) (drill 1.7018) (layers *.Cu *.Mask))
  )

  (module Capacitor_SMD:C_0805_2012Metric_Pad1.15x1.40mm_HandSolder (layer F.Cu) (tedit 5C00628E) (tstamp 5C0BD8C0)
    (at 170.053 83.693 90)
    (descr "Capacitor SMD 0805 (2012 Metric), square (rectangular) end terminal, IPC_7351 nominal with elongated pad for handsoldering. (Body size source: https://docs.google.com/spreadsheets/d/1BsfQQcO9C6DZCsRaXUlFlo91Tg2WpOkGARC1WS5S8t0/edit?usp=sharing), generated with kicad-footprint-generator")
    (tags "capacitor handsolder")
    (path /5BEDBF42)
    (attr smd)
    (fp_text reference C2 (at 0 0 -180) (layer F.SilkS)
      (effects (font (size 0.254 0.254) (thickness 0.0635)))
    )
    (fp_text value 22p (at 0 1.65 90) (layer F.Fab)
      (effects (font (size 1 1) (thickness 0.15)))
    )
    (fp_line (start -1 0.6) (end -1 -0.6) (layer F.Fab) (width 0.1))
    (fp_line (start -1 -0.6) (end 1 -0.6) (layer F.Fab) (width 0.1))
    (fp_line (start 1 -0.6) (end 1 0.6) (layer F.Fab) (width 0.1))
    (fp_line (start 1 0.6) (end -1 0.6) (layer F.Fab) (width 0.1))
    (fp_line (start -0.261252 -0.71) (end 0.261252 -0.71) (layer F.SilkS) (width 0.12))
    (fp_line (start -0.261252 0.71) (end 0.261252 0.71) (layer F.SilkS) (width 0.12))
    (fp_line (start -1.85 0.95) (end -1.85 -0.95) (layer F.CrtYd) (width 0.05))
    (fp_line (start -1.85 -0.95) (end 1.85 -0.95) (layer F.CrtYd) (width 0.05))
    (fp_line (start 1.85 -0.95) (end 1.85 0.95) (layer F.CrtYd) (width 0.05))
    (fp_line (start 1.85 0.95) (end -1.85 0.95) (layer F.CrtYd) (width 0.05))
    (fp_text user %R (at 0 0 90) (layer F.Fab)
      (effects (font (size 0.5 0.5) (thickness 0.08)))
    )
    (pad 1 smd roundrect (at -1.025 0 90) (size 1.15 1.4) (layers F.Cu F.Paste F.Mask) (roundrect_rratio 0.217391)
      (net 3 /XTAL2))
    (pad 2 smd roundrect (at 1.025 0 90) (size 1.15 1.4) (layers F.Cu F.Paste F.Mask) (roundrect_rratio 0.217391)
      (net 2 GND))
    (model ${KISYS3DMOD}/Capacitor_SMD.3dshapes/C_0805_2012Metric.wrl
      (at (xyz 0 0 0))
      (scale (xyz 1 1 1))
      (rotate (xyz 0 0 0))
    )
  )

  (module Capacitor_SMD:C_0805_2012Metric_Pad1.15x1.40mm_HandSolder (layer F.Cu) (tedit 5C006689) (tstamp 5C1021FF)
    (at 220.69425 102.743 270)
    (descr "Capacitor SMD 0805 (2012 Metric), square (rectangular) end terminal, IPC_7351 nominal with elongated pad for handsoldering. (Body size source: https://docs.google.com/spreadsheets/d/1BsfQQcO9C6DZCsRaXUlFlo91Tg2WpOkGARC1WS5S8t0/edit?usp=sharing), generated with kicad-footprint-generator")
    (tags "capacitor handsolder")
    (path /5BEDC719)
    (attr smd)
    (fp_text reference C3 (at 0 0) (layer F.SilkS)
      (effects (font (size 0.254 0.254) (thickness 0.0635)))
    )
    (fp_text value 0.1u (at 0 1.65 270) (layer F.Fab)
      (effects (font (size 1 1) (thickness 0.15)))
    )
    (fp_text user %R (at 0 0 270) (layer F.Fab)
      (effects (font (size 0.5 0.5) (thickness 0.08)))
    )
    (fp_line (start 1.85 0.95) (end -1.85 0.95) (layer F.CrtYd) (width 0.05))
    (fp_line (start 1.85 -0.95) (end 1.85 0.95) (layer F.CrtYd) (width 0.05))
    (fp_line (start -1.85 -0.95) (end 1.85 -0.95) (layer F.CrtYd) (width 0.05))
    (fp_line (start -1.85 0.95) (end -1.85 -0.95) (layer F.CrtYd) (width 0.05))
    (fp_line (start -0.261252 0.71) (end 0.261252 0.71) (layer F.SilkS) (width 0.12))
    (fp_line (start -0.261252 -0.71) (end 0.261252 -0.71) (layer F.SilkS) (width 0.12))
    (fp_line (start 1 0.6) (end -1 0.6) (layer F.Fab) (width 0.1))
    (fp_line (start 1 -0.6) (end 1 0.6) (layer F.Fab) (width 0.1))
    (fp_line (start -1 -0.6) (end 1 -0.6) (layer F.Fab) (width 0.1))
    (fp_line (start -1 0.6) (end -1 -0.6) (layer F.Fab) (width 0.1))
    (pad 2 smd roundrect (at 1.025 0 270) (size 1.15 1.4) (layers F.Cu F.Paste F.Mask) (roundrect_rratio 0.217391)
      (net 4 VCC))
    (pad 1 smd roundrect (at -1.025 0 270) (size 1.15 1.4) (layers F.Cu F.Paste F.Mask) (roundrect_rratio 0.217391)
      (net 2 GND))
    (model ${KISYS3DMOD}/Capacitor_SMD.3dshapes/C_0805_2012Metric.wrl
      (at (xyz 0 0 0))
      (scale (xyz 1 1 1))
      (rotate (xyz 0 0 0))
    )
  )

  (module Capacitor_SMD:C_0805_2012Metric_Pad1.15x1.40mm_HandSolder (layer F.Cu) (tedit 5C006709) (tstamp 5C101EF3)
    (at 223.0755 102.743 270)
    (descr "Capacitor SMD 0805 (2012 Metric), square (rectangular) end terminal, IPC_7351 nominal with elongated pad for handsoldering. (Body size source: https://docs.google.com/spreadsheets/d/1BsfQQcO9C6DZCsRaXUlFlo91Tg2WpOkGARC1WS5S8t0/edit?usp=sharing), generated with kicad-footprint-generator")
    (tags "capacitor handsolder")
    (path /5BEDCA86)
    (attr smd)
    (fp_text reference C4 (at 0 0 180) (layer F.SilkS)
      (effects (font (size 0.254 0.254) (thickness 0.0635)))
    )
    (fp_text value 0.1u (at 0 1.65 270) (layer F.Fab)
      (effects (font (size 1 1) (thickness 0.15)))
    )
    (fp_line (start -1 0.6) (end -1 -0.6) (layer F.Fab) (width 0.1))
    (fp_line (start -1 -0.6) (end 1 -0.6) (layer F.Fab) (width 0.1))
    (fp_line (start 1 -0.6) (end 1 0.6) (layer F.Fab) (width 0.1))
    (fp_line (start 1 0.6) (end -1 0.6) (layer F.Fab) (width 0.1))
    (fp_line (start -0.261252 -0.71) (end 0.261252 -0.71) (layer F.SilkS) (width 0.12))
    (fp_line (start -0.261252 0.71) (end 0.261252 0.71) (layer F.SilkS) (width 0.12))
    (fp_line (start -1.85 0.95) (end -1.85 -0.95) (layer F.CrtYd) (width 0.05))
    (fp_line (start -1.85 -0.95) (end 1.85 -0.95) (layer F.CrtYd) (width 0.05))
    (fp_line (start 1.85 -0.95) (end 1.85 0.95) (layer F.CrtYd) (width 0.05))
    (fp_line (start 1.85 0.95) (end -1.85 0.95) (layer F.CrtYd) (width 0.05))
    (fp_text user %R (at 0 0 270) (layer F.Fab)
      (effects (font (size 0.5 0.5) (thickness 0.08)))
    )
    (pad 1 smd roundrect (at -1.025 0 270) (size 1.15 1.4) (layers F.Cu F.Paste F.Mask) (roundrect_rratio 0.217391)
      (net 2 GND))
    (pad 2 smd roundrect (at 1.025 0 270) (size 1.15 1.4) (layers F.Cu F.Paste F.Mask) (roundrect_rratio 0.217391)
      (net 4 VCC))
    (model ${KISYS3DMOD}/Capacitor_SMD.3dshapes/C_0805_2012Metric.wrl
      (at (xyz 0 0 0))
      (scale (xyz 1 1 1))
      (rotate (xyz 0 0 0))
    )
  )

  (module Capacitor_SMD:C_0805_2012Metric_Pad1.15x1.40mm_HandSolder (layer F.Cu) (tedit 5C006710) (tstamp 5C0BD8F3)
    (at 225.45675 102.743 270)
    (descr "Capacitor SMD 0805 (2012 Metric), square (rectangular) end terminal, IPC_7351 nominal with elongated pad for handsoldering. (Body size source: https://docs.google.com/spreadsheets/d/1BsfQQcO9C6DZCsRaXUlFlo91Tg2WpOkGARC1WS5S8t0/edit?usp=sharing), generated with kicad-footprint-generator")
    (tags "capacitor handsolder")
    (path /5BEDCAA4)
    (attr smd)
    (fp_text reference C5 (at 0 0) (layer F.SilkS)
      (effects (font (size 0.254 0.254) (thickness 0.0635)))
    )
    (fp_text value 0.1u (at 0 1.65 270) (layer F.Fab)
      (effects (font (size 1 1) (thickness 0.15)))
    )
    (fp_text user %R (at 0 0 270) (layer F.Fab)
      (effects (font (size 0.5 0.5) (thickness 0.08)))
    )
    (fp_line (start 1.85 0.95) (end -1.85 0.95) (layer F.CrtYd) (width 0.05))
    (fp_line (start 1.85 -0.95) (end 1.85 0.95) (layer F.CrtYd) (width 0.05))
    (fp_line (start -1.85 -0.95) (end 1.85 -0.95) (layer F.CrtYd) (width 0.05))
    (fp_line (start -1.85 0.95) (end -1.85 -0.95) (layer F.CrtYd) (width 0.05))
    (fp_line (start -0.261252 0.71) (end 0.261252 0.71) (layer F.SilkS) (width 0.12))
    (fp_line (start -0.261252 -0.71) (end 0.261252 -0.71) (layer F.SilkS) (width 0.12))
    (fp_line (start 1 0.6) (end -1 0.6) (layer F.Fab) (width 0.1))
    (fp_line (start 1 -0.6) (end 1 0.6) (layer F.Fab) (width 0.1))
    (fp_line (start -1 -0.6) (end 1 -0.6) (layer F.Fab) (width 0.1))
    (fp_line (start -1 0.6) (end -1 -0.6) (layer F.Fab) (width 0.1))
    (pad 2 smd roundrect (at 1.025 0 270) (size 1.15 1.4) (layers F.Cu F.Paste F.Mask) (roundrect_rratio 0.217391)
      (net 4 VCC))
    (pad 1 smd roundrect (at -1.025 0 270) (size 1.15 1.4) (layers F.Cu F.Paste F.Mask) (roundrect_rratio 0.217391)
      (net 2 GND))
    (model ${KISYS3DMOD}/Capacitor_SMD.3dshapes/C_0805_2012Metric.wrl
      (at (xyz 0 0 0))
      (scale (xyz 1 1 1))
      (rotate (xyz 0 0 0))
    )
  )

  (module Capacitor_SMD:C_0805_2012Metric_Pad1.15x1.40mm_HandSolder (layer F.Cu) (tedit 5C006718) (tstamp 5C0BD904)
    (at 227.838 102.743 270)
    (descr "Capacitor SMD 0805 (2012 Metric), square (rectangular) end terminal, IPC_7351 nominal with elongated pad for handsoldering. (Body size source: https://docs.google.com/spreadsheets/d/1BsfQQcO9C6DZCsRaXUlFlo91Tg2WpOkGARC1WS5S8t0/edit?usp=sharing), generated with kicad-footprint-generator")
    (tags "capacitor handsolder")
    (path /5BEDCAC4)
    (attr smd)
    (fp_text reference C6 (at 0 0 180) (layer F.SilkS)
      (effects (font (size 0.254 0.254) (thickness 0.0635)))
    )
    (fp_text value 4.7u (at 0 1.65 270) (layer F.Fab)
      (effects (font (size 1 1) (thickness 0.15)))
    )
    (fp_line (start -1 0.6) (end -1 -0.6) (layer F.Fab) (width 0.1))
    (fp_line (start -1 -0.6) (end 1 -0.6) (layer F.Fab) (width 0.1))
    (fp_line (start 1 -0.6) (end 1 0.6) (layer F.Fab) (width 0.1))
    (fp_line (start 1 0.6) (end -1 0.6) (layer F.Fab) (width 0.1))
    (fp_line (start -0.261252 -0.71) (end 0.261252 -0.71) (layer F.SilkS) (width 0.12))
    (fp_line (start -0.261252 0.71) (end 0.261252 0.71) (layer F.SilkS) (width 0.12))
    (fp_line (start -1.85 0.95) (end -1.85 -0.95) (layer F.CrtYd) (width 0.05))
    (fp_line (start -1.85 -0.95) (end 1.85 -0.95) (layer F.CrtYd) (width 0.05))
    (fp_line (start 1.85 -0.95) (end 1.85 0.95) (layer F.CrtYd) (width 0.05))
    (fp_line (start 1.85 0.95) (end -1.85 0.95) (layer F.CrtYd) (width 0.05))
    (fp_text user %R (at 0 0 270) (layer F.Fab)
      (effects (font (size 0.5 0.5) (thickness 0.08)))
    )
    (pad 1 smd roundrect (at -1.025 0 270) (size 1.15 1.4) (layers F.Cu F.Paste F.Mask) (roundrect_rratio 0.217391)
      (net 2 GND))
    (pad 2 smd roundrect (at 1.025 0 270) (size 1.15 1.4) (layers F.Cu F.Paste F.Mask) (roundrect_rratio 0.217391)
      (net 4 VCC))
    (model ${KISYS3DMOD}/Capacitor_SMD.3dshapes/C_0805_2012Metric.wrl
      (at (xyz 0 0 0))
      (scale (xyz 1 1 1))
      (rotate (xyz 0 0 0))
    )
  )

  (module Capacitor_SMD:C_0805_2012Metric_Pad1.15x1.40mm_HandSolder (layer F.Cu) (tedit 5C006578) (tstamp 5C0BD915)
    (at 215.138 84.963)
    (descr "Capacitor SMD 0805 (2012 Metric), square (rectangular) end terminal, IPC_7351 nominal with elongated pad for handsoldering. (Body size source: https://docs.google.com/spreadsheets/d/1BsfQQcO9C6DZCsRaXUlFlo91Tg2WpOkGARC1WS5S8t0/edit?usp=sharing), generated with kicad-footprint-generator")
    (tags "capacitor handsolder")
    (path /5BEEB7C9)
    (attr smd)
    (fp_text reference C8 (at 0 0 90) (layer F.SilkS)
      (effects (font (size 0.254 0.254) (thickness 0.0635)))
    )
    (fp_text value 1u (at 0 1.65) (layer F.Fab)
      (effects (font (size 1 1) (thickness 0.15)))
    )
    (fp_text user %R (at 0 0) (layer F.Fab)
      (effects (font (size 0.5 0.5) (thickness 0.08)))
    )
    (fp_line (start 1.85 0.95) (end -1.85 0.95) (layer F.CrtYd) (width 0.05))
    (fp_line (start 1.85 -0.95) (end 1.85 0.95) (layer F.CrtYd) (width 0.05))
    (fp_line (start -1.85 -0.95) (end 1.85 -0.95) (layer F.CrtYd) (width 0.05))
    (fp_line (start -1.85 0.95) (end -1.85 -0.95) (layer F.CrtYd) (width 0.05))
    (fp_line (start -0.261252 0.71) (end 0.261252 0.71) (layer F.SilkS) (width 0.12))
    (fp_line (start -0.261252 -0.71) (end 0.261252 -0.71) (layer F.SilkS) (width 0.12))
    (fp_line (start 1 0.6) (end -1 0.6) (layer F.Fab) (width 0.1))
    (fp_line (start 1 -0.6) (end 1 0.6) (layer F.Fab) (width 0.1))
    (fp_line (start -1 -0.6) (end 1 -0.6) (layer F.Fab) (width 0.1))
    (fp_line (start -1 0.6) (end -1 -0.6) (layer F.Fab) (width 0.1))
    (pad 2 smd roundrect (at 1.025 0) (size 1.15 1.4) (layers F.Cu F.Paste F.Mask) (roundrect_rratio 0.217391)
      (net 2 GND))
    (pad 1 smd roundrect (at -1.025 0) (size 1.15 1.4) (layers F.Cu F.Paste F.Mask) (roundrect_rratio 0.217391)
      (net 5 "Net-(C8-Pad1)"))
    (model ${KISYS3DMOD}/Capacitor_SMD.3dshapes/C_0805_2012Metric.wrl
      (at (xyz 0 0 0))
      (scale (xyz 1 1 1))
      (rotate (xyz 0 0 0))
    )
  )

  (module MountingHole:MountingHole_2.5mm_Pad (layer F.Cu) (tedit 5BFF138E) (tstamp 5C0C2B0E)
    (at 91.313 83.693)
    (descr "Mounting Hole 2.5mm")
    (tags "mounting hole 2.5mm")
    (path /5BF463E3)
    (attr virtual)
    (fp_text reference H1 (at 0 -3.5) (layer Cmts.User)
      (effects (font (size 1 1) (thickness 0.15)))
    )
    (fp_text value MountingHole (at 0 3.5) (layer F.Fab)
      (effects (font (size 1 1) (thickness 0.15)))
    )
    (fp_circle (center 0 0) (end 2.75 0) (layer F.CrtYd) (width 0.05))
    (fp_circle (center 0 0) (end 2.5 0) (layer Cmts.User) (width 0.15))
    (fp_text user %R (at 0.3 0) (layer F.Fab)
      (effects (font (size 1 1) (thickness 0.15)))
    )
    (pad 1 thru_hole circle (at 0 0) (size 5 5) (drill 2.5) (layers *.Cu *.Mask))
  )

  (module MountingHole:MountingHole_2.5mm_Pad (layer F.Cu) (tedit 5BFF1393) (tstamp 5C0C0646)
    (at 53.213 102.743)
    (descr "Mounting Hole 2.5mm")
    (tags "mounting hole 2.5mm")
    (path /5BF463E9)
    (attr virtual)
    (fp_text reference H2 (at 0 -3.5) (layer Cmts.User)
      (effects (font (size 1 1) (thickness 0.15)))
    )
    (fp_text value MountingHole (at 0 3.5) (layer F.Fab)
      (effects (font (size 1 1) (thickness 0.15)))
    )
    (fp_text user %R (at 0.3 0) (layer F.Fab)
      (effects (font (size 1 1) (thickness 0.15)))
    )
    (fp_circle (center 0 0) (end 2.5 0) (layer Cmts.User) (width 0.15))
    (fp_circle (center 0 0) (end 2.75 0) (layer F.CrtYd) (width 0.05))
    (pad 1 thru_hole circle (at 0 0) (size 5 5) (drill 2.5) (layers *.Cu *.Mask))
  )

  (module MountingHole:MountingHole_2.5mm_Pad (layer F.Cu) (tedit 5BFF1397) (tstamp 5C0BE08C)
    (at 91.313 121.793)
    (descr "Mounting Hole 2.5mm")
    (tags "mounting hole 2.5mm")
    (path /5BF27058)
    (attr virtual)
    (fp_text reference H3 (at 0 -3.5) (layer Cmts.User)
      (effects (font (size 1 1) (thickness 0.15)))
    )
    (fp_text value MountingHole (at 0 3.5) (layer F.Fab)
      (effects (font (size 1 1) (thickness 0.15)))
    )
    (fp_text user %R (at 0.3 0) (layer F.Fab)
      (effects (font (size 1 1) (thickness 0.15)))
    )
    (fp_circle (center 0 0) (end 2.5 0) (layer Cmts.User) (width 0.15))
    (fp_circle (center 0 0) (end 2.75 0) (layer F.CrtYd) (width 0.05))
    (pad 1 thru_hole circle (at 0 0) (size 5 5) (drill 2.5) (layers *.Cu *.Mask))
  )

  (module MountingHole:MountingHole_2.5mm_Pad (layer F.Cu) (tedit 5BFF139C) (tstamp 5C0BE094)
    (at 205.613 83.693)
    (descr "Mounting Hole 2.5mm")
    (tags "mounting hole 2.5mm")
    (path /5BF2790A)
    (attr virtual)
    (fp_text reference H4 (at 0 -3.5) (layer Cmts.User)
      (effects (font (size 1 1) (thickness 0.15)))
    )
    (fp_text value MountingHole (at 0 3.5) (layer F.Fab)
      (effects (font (size 1 1) (thickness 0.15)))
    )
    (fp_circle (center 0 0) (end 2.75 0) (layer F.CrtYd) (width 0.05))
    (fp_circle (center 0 0) (end 2.5 0) (layer Cmts.User) (width 0.15))
    (fp_text user %R (at 0.3 0) (layer F.Fab)
      (effects (font (size 1 1) (thickness 0.15)))
    )
    (pad 1 thru_hole circle (at 0 0) (size 5 5) (drill 2.5) (layers *.Cu *.Mask))
  )

  (module MountingHole:MountingHole_2.5mm_Pad (layer F.Cu) (tedit 5BFF13A0) (tstamp 5C0BE09C)
    (at 243.713 102.743)
    (descr "Mounting Hole 2.5mm")
    (tags "mounting hole 2.5mm")
    (path /5BF64E7F)
    (attr virtual)
    (fp_text reference H5 (at 0 -3.5) (layer Cmts.User)
      (effects (font (size 1 1) (thickness 0.15)))
    )
    (fp_text value MountingHole (at 0 3.5) (layer F.Fab)
      (effects (font (size 1 1) (thickness 0.15)))
    )
    (fp_circle (center 0 0) (end 2.75 0) (layer F.CrtYd) (width 0.05))
    (fp_circle (center 0 0) (end 2.5 0) (layer Cmts.User) (width 0.15))
    (fp_text user %R (at 0.3 0) (layer F.Fab)
      (effects (font (size 1 1) (thickness 0.15)))
    )
    (pad 1 thru_hole circle (at 0 0) (size 5 5) (drill 2.5) (layers *.Cu *.Mask))
  )

  (module MountingHole:MountingHole_2.5mm_Pad (layer F.Cu) (tedit 5BFF13A4) (tstamp 5C0BE0A4)
    (at 205.613 121.793)
    (descr "Mounting Hole 2.5mm")
    (tags "mounting hole 2.5mm")
    (path /5BF64E85)
    (attr virtual)
    (fp_text reference H6 (at 0 -3.5) (layer Cmts.User)
      (effects (font (size 1 1) (thickness 0.15)))
    )
    (fp_text value MountingHole (at 0 3.5) (layer F.Fab)
      (effects (font (size 1 1) (thickness 0.15)))
    )
    (fp_text user %R (at 0.3 0) (layer F.Fab)
      (effects (font (size 1 1) (thickness 0.15)))
    )
    (fp_circle (center 0 0) (end 2.5 0) (layer Cmts.User) (width 0.15))
    (fp_circle (center 0 0) (end 2.75 0) (layer F.CrtYd) (width 0.05))
    (pad 1 thru_hole circle (at 0 0) (size 5 5) (drill 2.5) (layers *.Cu *.Mask))
  )

  (module Package_QFP:TQFP-44_10x10mm_P0.8mm (layer F.Cu) (tedit 5C006630) (tstamp 5C0BE7EE)
    (at 205.613 101.94925 225)
    (descr "44-Lead Plastic Thin Quad Flatpack (PT) - 10x10x1.0 mm Body [TQFP] (see Microchip Packaging Specification 00000049BS.pdf)")
    (tags "QFP 0.8")
    (path /5C564495)
    (attr smd)
    (fp_text reference U1 (at 0 0) (layer Cmts.User)
      (effects (font (size 1 1) (thickness 0.15)))
    )
    (fp_text value ATmega32U4-AU (at 0 7.45 225) (layer F.Fab)
      (effects (font (size 1 1) (thickness 0.15)))
    )
    (fp_text user %R (at 0 0 225) (layer F.Fab)
      (effects (font (size 1 1) (thickness 0.15)))
    )
    (fp_line (start -4 -5) (end 5 -5) (layer F.Fab) (width 0.15))
    (fp_line (start 5 -5) (end 5 5) (layer F.Fab) (width 0.15))
    (fp_line (start 5 5) (end -5 5) (layer F.Fab) (width 0.15))
    (fp_line (start -5 5) (end -5 -4) (layer F.Fab) (width 0.15))
    (fp_line (start -5 -4) (end -4 -5) (layer F.Fab) (width 0.15))
    (fp_line (start -6.7 -6.7) (end -6.7 6.7) (layer F.CrtYd) (width 0.05))
    (fp_line (start 6.7 -6.7) (end 6.7 6.7) (layer F.CrtYd) (width 0.05))
    (fp_line (start -6.7 -6.7) (end 6.7 -6.7) (layer F.CrtYd) (width 0.05))
    (fp_line (start -6.7 6.7) (end 6.7 6.7) (layer F.CrtYd) (width 0.05))
    (fp_line (start -5.175 -5.175) (end -5.175 -4.6) (layer F.SilkS) (width 0.15))
    (fp_line (start 5.175 -5.175) (end 5.175 -4.5) (layer F.SilkS) (width 0.15))
    (fp_line (start 5.175 5.175) (end 5.175 4.5) (layer F.SilkS) (width 0.15))
    (fp_line (start -5.175 5.175) (end -5.175 4.5) (layer F.SilkS) (width 0.15))
    (fp_line (start -5.175 -5.175) (end -4.5 -5.175) (layer F.SilkS) (width 0.15))
    (fp_line (start -5.175 5.175) (end -4.5 5.175) (layer F.SilkS) (width 0.15))
    (fp_line (start 5.175 5.175) (end 4.5 5.175) (layer F.SilkS) (width 0.15))
    (fp_line (start 5.175 -5.175) (end 4.5 -5.175) (layer F.SilkS) (width 0.15))
    (fp_line (start -5.175 -4.6) (end -6.45 -4.6) (layer F.SilkS) (width 0.15))
    (pad 1 smd rect (at -5.7 -4 225) (size 1.5 0.55) (layers F.Cu F.Paste F.Mask))
    (pad 2 smd rect (at -5.7 -3.2 225) (size 1.5 0.55) (layers F.Cu F.Paste F.Mask)
      (net 4 VCC))
    (pad 3 smd rect (at -5.7 -2.4 225) (size 1.5 0.55) (layers F.Cu F.Paste F.Mask)
      (net 57 "Net-(R3-Pad1)"))
    (pad 4 smd rect (at -5.7 -1.6 225) (size 1.5 0.55) (layers F.Cu F.Paste F.Mask)
      (net 58 "Net-(R4-Pad1)"))
    (pad 5 smd rect (at -5.7 -0.8 225) (size 1.5 0.55) (layers F.Cu F.Paste F.Mask)
      (net 2 GND))
    (pad 6 smd rect (at -5.7 0 225) (size 1.5 0.55) (layers F.Cu F.Paste F.Mask)
      (net 5 "Net-(C8-Pad1)"))
    (pad 7 smd rect (at -5.7 0.8 225) (size 1.5 0.55) (layers F.Cu F.Paste F.Mask)
      (net 4 VCC))
    (pad 8 smd rect (at -5.7 1.6 225) (size 1.5 0.55) (layers F.Cu F.Paste F.Mask))
    (pad 9 smd rect (at -5.7 2.4 225) (size 1.5 0.55) (layers F.Cu F.Paste F.Mask)
      (net 59 /Row1))
    (pad 10 smd rect (at -5.7 3.2 225) (size 1.5 0.55) (layers F.Cu F.Paste F.Mask)
      (net 60 /Row2))
    (pad 11 smd rect (at -5.7 4 225) (size 1.5 0.55) (layers F.Cu F.Paste F.Mask))
    (pad 12 smd rect (at -4 5.7 315) (size 1.5 0.55) (layers F.Cu F.Paste F.Mask))
    (pad 13 smd rect (at -3.2 5.7 315) (size 1.5 0.55) (layers F.Cu F.Paste F.Mask)
      (net 55 /RST))
    (pad 14 smd rect (at -2.4 5.7 315) (size 1.5 0.55) (layers F.Cu F.Paste F.Mask)
      (net 4 VCC))
    (pad 15 smd rect (at -1.6 5.7 315) (size 1.5 0.55) (layers F.Cu F.Paste F.Mask)
      (net 2 GND))
    (pad 16 smd rect (at -0.8 5.7 315) (size 1.5 0.55) (layers F.Cu F.Paste F.Mask)
      (net 1 /XTAL1))
    (pad 17 smd rect (at 0 5.7 315) (size 1.5 0.55) (layers F.Cu F.Paste F.Mask)
      (net 3 /XTAL2))
    (pad 18 smd rect (at 0.8 5.7 315) (size 1.5 0.55) (layers F.Cu F.Paste F.Mask))
    (pad 19 smd rect (at 1.6 5.7 315) (size 1.5 0.55) (layers F.Cu F.Paste F.Mask))
    (pad 20 smd rect (at 2.4 5.7 315) (size 1.5 0.55) (layers F.Cu F.Paste F.Mask))
    (pad 21 smd rect (at 3.2 5.7 315) (size 1.5 0.55) (layers F.Cu F.Paste F.Mask)
      (net 44 /Col1))
    (pad 22 smd rect (at 4 5.7 315) (size 1.5 0.55) (layers F.Cu F.Paste F.Mask)
      (net 7 /Col2))
    (pad 23 smd rect (at 5.7 4 225) (size 1.5 0.55) (layers F.Cu F.Paste F.Mask)
      (net 2 GND))
    (pad 24 smd rect (at 5.7 3.2 225) (size 1.5 0.55) (layers F.Cu F.Paste F.Mask)
      (net 4 VCC))
    (pad 25 smd rect (at 5.7 2.4 225) (size 1.5 0.55) (layers F.Cu F.Paste F.Mask))
    (pad 26 smd rect (at 5.7 1.6 225) (size 1.5 0.55) (layers F.Cu F.Paste F.Mask)
      (net 45 /Col3))
    (pad 27 smd rect (at 5.7 0.8 225) (size 1.5 0.55) (layers F.Cu F.Paste F.Mask)
      (net 46 /Col4))
    (pad 28 smd rect (at 5.7 0 225) (size 1.5 0.55) (layers F.Cu F.Paste F.Mask)
      (net 47 /Col5))
    (pad 29 smd rect (at 5.7 -0.8 225) (size 1.5 0.55) (layers F.Cu F.Paste F.Mask)
      (net 48 /Col6))
    (pad 30 smd rect (at 5.7 -1.6 225) (size 1.5 0.55) (layers F.Cu F.Paste F.Mask))
    (pad 31 smd rect (at 5.7 -2.4 225) (size 1.5 0.55) (layers F.Cu F.Paste F.Mask)
      (net 50 /Col8))
    (pad 32 smd rect (at 5.7 -3.2 225) (size 1.5 0.55) (layers F.Cu F.Paste F.Mask)
      (net 51 /Col9))
    (pad 33 smd rect (at 5.7 -4 225) (size 1.5 0.55) (layers F.Cu F.Paste F.Mask)
      (net 56 "Net-(R2-Pad2)"))
    (pad 34 smd rect (at 4 -5.7 315) (size 1.5 0.55) (layers F.Cu F.Paste F.Mask)
      (net 4 VCC))
    (pad 35 smd rect (at 3.2 -5.7 315) (size 1.5 0.55) (layers F.Cu F.Paste F.Mask)
      (net 2 GND))
    (pad 36 smd rect (at 2.4 -5.7 315) (size 1.5 0.55) (layers F.Cu F.Paste F.Mask)
      (net 26 /Row3))
    (pad 37 smd rect (at 1.6 -5.7 315) (size 1.5 0.55) (layers F.Cu F.Paste F.Mask)
      (net 35 /Row4))
    (pad 38 smd rect (at 0.8 -5.7 315) (size 1.5 0.55) (layers F.Cu F.Paste F.Mask))
    (pad 39 smd rect (at 0 -5.7 315) (size 1.5 0.55) (layers F.Cu F.Paste F.Mask)
      (net 52 /Col10))
    (pad 40 smd rect (at -0.8 -5.7 315) (size 1.5 0.55) (layers F.Cu F.Paste F.Mask)
      (net 49 /Col7))
    (pad 41 smd rect (at -1.6 -5.7 315) (size 1.5 0.55) (layers F.Cu F.Paste F.Mask))
    (pad 42 smd rect (at -2.4 -5.7 315) (size 1.5 0.55) (layers F.Cu F.Paste F.Mask))
    (pad 43 smd rect (at -3.2 -5.7 315) (size 1.5 0.55) (layers F.Cu F.Paste F.Mask)
      (net 2 GND))
    (pad 44 smd rect (at -4 -5.7 315) (size 1.5 0.55) (layers F.Cu F.Paste F.Mask)
      (net 4 VCC))
    (model ${KISYS3DMOD}/Package_QFP.3dshapes/TQFP-44_10x10mm_P0.8mm.wrl
      (at (xyz 0 0 0))
      (scale (xyz 1 1 1))
      (rotate (xyz 0 0 0))
    )
  )

  (module MountingHole:MountingHole_2.5mm_Pad (layer F.Cu) (tedit 5BFF13AA) (tstamp 5C0C3750)
    (at 148.463 102.743)
    (descr "Mounting Hole 2.5mm")
    (tags "mounting hole 2.5mm")
    (path /5D038FCF)
    (attr virtual)
    (fp_text reference H7 (at 0 -3.5) (layer Cmts.User)
      (effects (font (size 1 1) (thickness 0.15)))
    )
    (fp_text value MountingHole (at 0 3.5) (layer F.Fab)
      (effects (font (size 1 1) (thickness 0.15)))
    )
    (fp_circle (center 0 0) (end 2.75 0) (layer F.CrtYd) (width 0.05))
    (fp_circle (center 0 0) (end 2.5 0) (layer Cmts.User) (width 0.15))
    (fp_text user %R (at 0.3 0) (layer F.Fab)
      (effects (font (size 1 1) (thickness 0.15)))
    )
    (pad 1 thru_hole circle (at 0 0) (size 5 5) (drill 2.5) (layers *.Cu *.Mask))
  )

  (module MountingHole:MountingHole_2.5mm_Pad (layer F.Cu) (tedit 5BFF17B0) (tstamp 5C0C2540)
    (at 53.213 83.693)
    (descr "Mounting Hole 2.5mm")
    (tags "mounting hole 2.5mm")
    (path /5D03B7BC)
    (attr virtual)
    (fp_text reference H8 (at 0 -3.5) (layer Cmts.User)
      (effects (font (size 1 1) (thickness 0.15)))
    )
    (fp_text value MountingHole (at 0 3.5) (layer F.Fab)
      (effects (font (size 1 1) (thickness 0.15)))
    )
    (fp_text user %R (at 0.3 0) (layer F.Fab)
      (effects (font (size 1 1) (thickness 0.15)))
    )
    (fp_circle (center 0 0) (end 2.5 0) (layer Cmts.User) (width 0.15))
    (fp_circle (center 0 0) (end 2.75 0) (layer F.CrtYd) (width 0.05))
    (pad 1 thru_hole circle (at 0 0) (size 5 5) (drill 2.5) (layers *.Cu *.Mask))
  )

  (module MountingHole:MountingHole_2.5mm_Pad (layer F.Cu) (tedit 5BFF17BC) (tstamp 5C0C2548)
    (at 53.213 121.793)
    (descr "Mounting Hole 2.5mm")
    (tags "mounting hole 2.5mm")
    (path /5D03B8D6)
    (attr virtual)
    (fp_text reference H9 (at 0 -3.5) (layer Cmts.User)
      (effects (font (size 1 1) (thickness 0.15)))
    )
    (fp_text value MountingHole (at 0 3.5) (layer F.Fab)
      (effects (font (size 1 1) (thickness 0.15)))
    )
    (fp_text user %R (at 0.3 0) (layer F.Fab)
      (effects (font (size 1 1) (thickness 0.15)))
    )
    (fp_circle (center 0 0) (end 2.5 0) (layer Cmts.User) (width 0.15))
    (fp_circle (center 0 0) (end 2.75 0) (layer F.CrtYd) (width 0.05))
    (pad 1 thru_hole circle (at 0 0) (size 5 5) (drill 2.5) (layers *.Cu *.Mask))
  )

  (module Capacitor_SMD:C_0805_2012Metric_Pad1.15x1.40mm_HandSolder (layer F.Cu) (tedit 5C00626B) (tstamp 5C0C5DDF)
    (at 182.753 83.693 90)
    (descr "Capacitor SMD 0805 (2012 Metric), square (rectangular) end terminal, IPC_7351 nominal with elongated pad for handsoldering. (Body size source: https://docs.google.com/spreadsheets/d/1BsfQQcO9C6DZCsRaXUlFlo91Tg2WpOkGARC1WS5S8t0/edit?usp=sharing), generated with kicad-footprint-generator")
    (tags "capacitor handsolder")
    (path /5BEDBE98)
    (attr smd)
    (fp_text reference C1 (at 0 0) (layer F.SilkS)
      (effects (font (size 0.254 0.254) (thickness 0.0635)))
    )
    (fp_text value 22p (at 0 1.65 90) (layer F.Fab)
      (effects (font (size 1 1) (thickness 0.15)))
    )
    (fp_line (start -1 0.6) (end -1 -0.6) (layer F.Fab) (width 0.1))
    (fp_line (start -1 -0.6) (end 1 -0.6) (layer F.Fab) (width 0.1))
    (fp_line (start 1 -0.6) (end 1 0.6) (layer F.Fab) (width 0.1))
    (fp_line (start 1 0.6) (end -1 0.6) (layer F.Fab) (width 0.1))
    (fp_line (start -0.261252 -0.71) (end 0.261252 -0.71) (layer F.SilkS) (width 0.12))
    (fp_line (start -0.261252 0.71) (end 0.261252 0.71) (layer F.SilkS) (width 0.12))
    (fp_line (start -1.85 0.95) (end -1.85 -0.95) (layer F.CrtYd) (width 0.05))
    (fp_line (start -1.85 -0.95) (end 1.85 -0.95) (layer F.CrtYd) (width 0.05))
    (fp_line (start 1.85 -0.95) (end 1.85 0.95) (layer F.CrtYd) (width 0.05))
    (fp_line (start 1.85 0.95) (end -1.85 0.95) (layer F.CrtYd) (width 0.05))
    (fp_text user %R (at 0 0 90) (layer F.Fab)
      (effects (font (size 0.5 0.5) (thickness 0.08)))
    )
    (pad 1 smd roundrect (at -1.025 0 90) (size 1.15 1.4) (layers F.Cu F.Paste F.Mask) (roundrect_rratio 0.217391)
      (net 1 /XTAL1))
    (pad 2 smd roundrect (at 1.025 0 90) (size 1.15 1.4) (layers F.Cu F.Paste F.Mask) (roundrect_rratio 0.217391)
      (net 2 GND))
    (model ${KISYS3DMOD}/Capacitor_SMD.3dshapes/C_0805_2012Metric.wrl
      (at (xyz 0 0 0))
      (scale (xyz 1 1 1))
      (rotate (xyz 0 0 0))
    )
